0 1392 455 44 66 1067 301 41 60 1316 421 38 68 1522 302 44 63 1376 313 28 45 
1 1063 297 43 63 1390 452 39 69 1470 419 33 72 1317 418 33 69 1370 309 32 49 1519 302 42 64 
2 1692 515 32 76 1057 297 39 65 1746 641 43 81 1465 418 35 71 1306 417 37 73 1367 310 35 45 1512 303 48 61 
3 1047 294 38 69 1745 638 42 87 1509 304 44 62 1362 307 42 46 1305 415 33 72 
4 1452 416 37 72 1045 292 34 70 1505 307 44 65 1743 636 41 88 1362 302 40 50 1301 418 31 66 
5 1038 290 35 76 1502 308 40 64 1446 417 32 67 1741 638 39 82 1359 300 41 51 1297 415 30 70 
6 1357 296 36 56 1486 309 40 53 1443 415 30 67 1295 414 31 72 
7 1022 289 35 73 1435 415 30 71 1481 308 40 48 1729 634 43 91 1292 417 34 72 
8 853 305 39 56 1342 283 33 57 1667 527 38 71 1480 310 37 51 1341 436 32 87 1723 635 45 90 1287 419 35 69 
9 89 94 1759 923 1662 524 44 76 1119 523 36 64 1719 636 47 86 1475 312 35 49 850 306 37 55 1332 438 35 83 1337 278 33 67 1283 419 35 71 
10 1671 270 33 43 1407 415 49 114 1473 314 37 55 1114 527 41 65 1718 637 45 83 1321 439 42 77 1330 280 34 63 846 306 36 54 1281 417 34 75 
11 81 95 1766 916 1696 635 64 95 1671 269 33 43 1100 518 59 100 1319 440 41 72 1448 308 43 58 1401 406 56 110 844 300 31 60 1325 278 32 68 
12 1106 530 44 60 1671 270 33 42 1439 308 41 50 996 295 36 61 1698 632 60 99 1396 404 54 115 837 298 33 66 1319 275 34 68 1095 517 63 99 1267 418 35 71 
13 1315 279 38 56 1672 270 32 42 1098 525 43 71 1435 305 33 53 1705 639 50 81 1261 418 34 68 
14 1608 539 83 113 1417 301 35 54 1304 277 37 60 1255 418 40 72 1705 638 48 80 
15 1299 279 38 56 1604 536 81 117 1247 415 41 74 1405 304 40 54 1704 635 44 87 
16 1672 271 32 42 1293 284 36 44 1280 431 39 54 1595 489 89 136 1373 415 39 69 1605 541 80 111 1455 318 33 56 1246 420 44 64 1394 305 38 51 1702 635 42 86 
17 811 302 35 58 1360 401 58 106 1072 523 42 72 1283 283 40 50 1388 308 38 46 1367 414 41 62 1249 422 52 59 1598 536 76 119 1454 323 29 51 1699 632 42 92 
18 1361 413 43 61 1453 321 24 53 1264 428 36 55 1064 522 36 75 1386 305 26 49 1225 411 33 74 1697 631 40 91 
19 1258 429 30 53 1444 318 29 57 1060 525 32 71 1222 413 34 69 1372 301 34 54 1694 631 42 91 
20 1259 280 36 52 1355 410 33 65 1440 319 28 56 1048 518 38 81 1214 416 35 67 1353 303 42 55 1690 631 40 91 
21 1038 524 45 68 1344 409 34 75 1339 298 39 59 1209 418 46 66 1430 316 33 61 1686 632 40 89 
22 1241 296 40 66 1428 316 33 63 1335 299 35 53 1686 631 37 89 
23 1426 316 32 65 1686 629 34 92 1187 415 43 65 1324 301 32 59 
24 1181 412 44 68 
25 1173 411 50 67 1298 306 41 63 
26 1673 631 37 78 1169 410 47 70 1289 309 38 56 1547 534 68 121 1416 314 31 68 
27 1278 307 36 59 1668 633 40 75 1409 312 34 65 1550 538 58 115 
28 1662 634 38 73 1404 312 34 64 1264 303 36 77 1546 534 56 119 
29 1279 402 53 118 1539 531 57 124 1139 404 45 78 1396 313 36 67 
30 1006 306 35 58 1272 400 51 121 1121 392 58 104 
31 1007 306 36 56 1224 304 41 62 
32 1210 304 38 69 
33 
34 1186 305 45 67 
35 1371 314 34 64 
36 
37 1052 390 56 108 1360 318 33 64 
38 1212 417 50 126 1356 323 32 76 
39 
40 1119 311 34 52 1013 388 55 109 
41 1107 311 35 47 690 293 35 86 1187 425 48 120 1022 387 40 69 
42 1471 536 40 65 1185 423 46 124 853 478 29 67 990 384 73 108 1189 423 37 58 
43 1171 430 57 119 80 89 1759 941 1180 427 37 54 843 467 31 59 1005 381 38 72 
44 674 283 35 99 1329 332 29 76 1405 584 38 68 964 428 35 59 74 104 1770 911 1174 424 34 59 999 382 33 64 
45 78 94 1762 933 668 287 32 94 1169 430 33 59 1323 327 30 80 952 426 36 65 1397 590 38 56 992 383 32 62 
46 1320 324 29 83 81 93 1742 927 659 291 38 90 818 465 33 57 1390 586 37 67 
47 1145 454 40 54 1441 535 38 60 1374 587 39 69 925 420 34 60 
48 1433 535 43 62 1042 322 44 50 1137 453 46 57 912 421 38 59 1358 582 47 77 
49 65 102 1764 920 1041 324 39 46 1429 534 40 64 899 419 34 60 1133 454 41 56 
50 1128 455 39 53 1033 326 42 46 1415 538 40 64 69 106 1772 919 1344 585 34 71 1542 624 36 97 893 420 28 60 
51 1415 539 32 60 1294 327 33 86 1334 584 32 79 1116 455 36 59 
52 772 458 34 68 1403 541 34 56 924 378 34 69 1325 589 33 77 1288 323 37 87 1105 456 38 58 
53 922 377 30 70 1286 320 35 96 1097 454 39 58 
54 1295 589 44 79 1092 452 40 60 1283 323 34 92 
55 1282 321 32 97 1082 452 36 57 
56 1366 560 42 59 1004 337 41 52 898 384 34 67 1073 455 34 56 
57 1363 556 38 64 1005 335 39 54 1267 314 41 121 1270 598 34 72 812 421 33 61 893 383 35 67 1070 457 28 63 
58 1359 558 29 63 1003 337 43 54 803 422 36 59 1265 317 41 121 1259 601 31 64 889 384 32 68 1062 454 28 69 
59 1264 317 38 123 1003 335 43 52 1249 601 35 70 1051 458 29 64 881 383 35 71 
60 576 300 38 87 1005 332 43 56 876 385 33 64 1259 320 40 124 1042 457 29 64 
61 1007 330 41 58 773 429 39 49 1211 598 61 96 871 386 38 66 1330 566 41 56 1264 333 30 93 1037 457 30 67 
62 858 383 41 68 1262 339 30 77 1213 606 43 63 1255 324 42 125 699 454 49 136 1032 459 30 68 
63 850 385 50 67 1209 609 36 65 1474 663 34 78 1325 568 35 60 1261 339 30 79 889 309 48 70 690 464 54 126 1025 458 33 66 
64 554 299 33 84 1259 341 29 73 1469 660 35 90 880 312 55 69 685 468 54 122 1006 459 46 63 
65 876 311 54 71 680 471 54 120 545 302 38 85 1008 459 38 61 
66 1253 341 31 80 679 474 53 116 1181 626 35 70 869 301 69 96 1246 327 44 122 1460 642 48 117 1305 569 35 67 539 303 40 85 1001 460 37 60 
67 1016 312 40 77 1252 340 30 85 1456 641 51 121 1296 572 37 62 866 300 64 96 538 308 39 75 998 460 34 58 
68 1290 575 36 60 1250 338 29 90 1452 643 56 120 1018 313 37 75 863 297 63 104 993 461 35 60 
69 1148 625 47 77 1021 315 35 72 528 308 42 74 989 462 36 61 1243 336 38 121 1448 648 47 115 858 294 67 110 
70 986 462 37 58 1241 338 39 119 527 308 38 75 1446 642 45 124 1140 632 43 65 
71 523 311 34 70 1021 313 36 73 1240 339 38 118 856 286 67 126 983 462 39 59 1135 638 37 59 1440 642 47 126 
72 1022 313 35 74 1269 594 33 71 520 311 31 72 1135 637 29 62 1433 644 54 127 
73 749 429 37 48 1022 310 35 79 774 390 48 48 1120 643 36 55 1261 595 34 64 1432 639 55 127 
74 0 114 1743 881 767 388 52 57 1021 309 36 80 1233 338 36 121 1253 599 40 62 1111 641 43 65 1429 642 55 124 
75 1249 600 41 56 745 389 73 110 504 315 35 90 836 349 47 59 1434 664 39 79 0 105 1747 885 1021 309 35 79 1233 338 36 122 1105 642 38 65 1428 644 54 122 
76 98 138 1762 860 1427 646 51 125 1101 643 32 69 
77 498 320 31 82 1424 650 51 122 663 503 29 100 1097 646 31 72 
78 1428 665 37 85 0 119 1765 868 493 329 36 69 811 357 40 49 660 505 29 94 
79 0 117 1770 874 486 332 42 65 802 356 50 56 656 510 30 89 
80 653 519 32 81 483 329 41 70 
81 650 522 36 81 781 354 45 55 480 328 40 75 
82 774 355 45 56 640 524 40 81 
83 468 326 37 80 767 352 48 59 636 528 44 84 
84 636 547 44 78 
85 625 542 62 91 
86 623 546 53 81 
87 621 547 45 79 
88 
89 632 360 37 87 
90 624 361 44 82 
91 700 483 37 73 618 360 39 82 589 541 40 90 
92 698 482 37 76 419 328 36 75 583 545 36 89 
93 110 124 1734 883 599 344 33 77 579 545 32 89 
94 592 343 35 77 570 545 31 86 
95 584 340 38 76 561 546 40 86 
96 580 337 33 78 555 549 42 84 
97 571 333 31 76 547 547 45 80 
98 1175 339 40 134 927 671 31 81 540 550 47 79 625 336 39 82 561 336 35 67 
99 554 331 38 69 1171 340 44 130 922 666 33 87 
100 913 665 37 88 525 544 40 95 545 327 43 72 1171 342 44 128 
101 1168 342 45 126 519 544 41 89 602 323 33 78 361 343 32 68 699 285 35 96 
102 360 347 30 61 589 328 35 69 514 540 37 96 901 663 33 96 696 283 33 101 
103 645 458 26 65 507 530 36 108 1074 638 29 70 692 285 34 97 895 660 28 98 
104 689 282 33 100 887 655 30 93 
105 70 130 1773 864 880 652 33 100 
106 74 130 1758 862 487 539 37 90 494 321 36 53 875 653 38 100 
107 474 532 38 76 1362 652 53 123 
108 859 649 37 88 681 288 31 82 1358 652 55 122 94 118 1728 868 468 535 40 68 
109 1356 653 56 120 852 651 39 83 83 117 1746 876 679 291 34 87 
110 676 293 34 90 1354 652 56 120 310 342 30 73 64 116 1787 886 848 644 32 76 
111 64 119 1786 882 673 290 33 95 1353 650 57 122 1150 345 34 61 304 343 32 71 842 642 35 80 
112 670 296 36 93 65 128 1791 873 1359 665 43 80 1146 345 32 58 301 344 30 70 838 634 32 93 
113 63 119 1781 887 1357 664 39 83 
114 60 103 1780 915 823 641 39 72 
115 997 635 35 83 73 107 1766 908 820 640 39 69 
116 86 120 1749 888 815 638 37 70 
117 210 125 1684 861 810 635 35 69 
118 92 142 1743 846 807 630 32 73 
119 88 141 1743 846 805 628 32 77 
120 375 537 40 65 76 122 1759 878 801 629 35 75 
121 796 632 40 74 71 126 1768 875 
122 1326 665 48 83 66 130 1771 869 
123 1325 661 45 81 72 137 1764 853 
124 1325 660 40 79 1120 342 33 67 77 137 1757 852 
125 782 628 43 74 79 131 1749 862 
126 779 625 42 75 77 132 1744 863 1115 345 34 63 
127 1319 650 33 93 779 625 38 75 73 133 1756 864 1113 345 34 61 
128 620 321 33 82 1316 655 33 80 684 517 24 78 928 423 26 68 59 150 1782 827 1111 346 34 59 777 621 37 80 
129 494 815 24 63 59 155 1785 819 1109 348 34 55 778 620 35 81 
130 617 320 32 86 973 298 30 57 494 815 24 63 562 814 25 80 58 150 1784 828 1108 348 34 53 777 620 34 82 
131 703 833 28 93 564 816 26 78 493 816 25 61 1106 349 33 53 61 141 1775 840 776 621 35 82 
132 703 833 28 93 1104 349 35 55 1299 662 38 80 55 139 1780 845 776 624 34 78 
133 492 816 26 61 703 833 28 93 565 815 36 130 67 135 1769 850 1297 661 39 77 777 631 32 72 
134 492 816 26 62 703 833 28 94 1103 349 33 56 565 814 35 132 78 132 1755 858 1294 659 41 73 778 632 30 70 
135 1104 348 31 57 79 135 1757 852 1295 659 34 72 778 633 31 68 
136 86 142 1752 834 1294 659 30 69 778 634 30 71 
137 777 637 32 70 
138 730 558 26 79 1292 650 27 92 72 135 1750 844 776 640 33 66 
139 81 134 1736 852 774 642 35 63 
140 94 141 1722 841 773 643 36 64 
141 105 136 1711 851 774 643 35 66 
142 104 128 1710 865 775 646 34 67 
143 103 131 1710 864 776 648 33 65 
144 102 124 1715 880 777 647 33 67 
145 106 130 1711 869 778 646 33 68 
146 778 656 40 73 
147 781 658 37 73 110 117 1703 888 
148 1011 301 32 55 782 662 36 70 570 298 33 85 111 130 1707 867 
149 570 299 31 83 99 130 1728 868 1273 647 53 122 786 668 33 66 
150 1276 647 52 121 789 669 32 65 
151 1023 624 35 73 789 672 32 61 
152 1024 625 40 71 97 109 1736 895 790 674 33 60 
153 1034 303 30 49 
154 1027 623 42 73 
155 1032 625 41 72 1039 308 37 48 
156 1042 308 39 47 
157 1043 312 39 43 
158 1064 628 30 68 
159 843 602 33 78 1070 629 31 66 
160 1056 313 42 46 1071 635 37 57 996 458 39 66 
161 1004 455 37 70 1074 639 41 56 
162 1007 456 34 71 
163 1149 381 36 58 
164 
165 1100 638 30 61 829 708 32 86 
166 
167 92 123 1753 872 1027 456 30 74 1109 632 31 66 
168 1114 632 31 66 841 718 39 96 
169 842 725 39 90 
170 1097 328 53 68 1029 460 39 70 842 727 43 89 
171 1100 334 53 60 1030 461 40 69 
172 1035 461 37 68 
173 
174 
175 872 742 36 82 
176 880 739 32 88 
177 887 742 31 88 
178 889 745 33 89 
179 895 747 38 93 
180 
181 
182 
183 1446 635 51 124 
184 917 764 50 82 1183 361 37 93 
185 930 762 40 85 
186 938 763 34 82 
187 952 760 32 88 
188 244 601 61 126 1207 359 36 93 957 758 32 93 690 405 47 140 
189 960 759 35 93 1214 358 37 95 694 407 51 142 
190 701 406 53 143 970 764 35 86 1221 369 32 82 
191 972 766 39 84 1102 487 33 68 1225 373 35 82 
192 984 772 39 75 
193 989 773 42 74 
194 
195 
196 
197 
198 338 352 33 64 1265 378 62 140 1026 772 32 73 
199 1035 769 30 77 340 350 38 69 
200 85 89 1764 929 342 350 38 69 1278 377 49 153 1041 767 31 82 
201 1049 767 32 84 
202 86 116 1752 884 1299 372 34 78 1059 775 30 80 
203 79 127 1769 867 1060 778 37 73 
204 1585 633 38 87 88 127 1761 871 1062 778 42 73 
205 1066 776 48 75 88 121 1757 875 360 353 30 67 
206 82 120 1769 875 1075 770 52 83 
207 1151 489 36 67 84 113 1769 886 362 352 29 67 
208 101 102 1746 901 1613 632 35 84 1092 772 44 78 363 353 33 67 
209 1335 384 43 61 83 95 1781 905 1616 631 38 95 367 355 32 64 1097 767 47 84 
210 87 86 1777 917 1623 634 37 82 1338 383 42 66 369 356 33 62 1105 764 47 85 
211 80 96 1786 904 371 355 34 62 1115 758 46 95 1630 633 39 84 
212 74 91 1797 915 1128 759 41 91 1634 635 43 83 373 355 34 63 
213 98 86 1759 923 376 354 32 63 1133 760 41 87 
214 1649 635 34 77 111 83 1729 930 1364 378 33 66 1139 759 41 89 
215 109 91 1731 913 1371 373 32 65 1148 761 36 85 1652 631 34 87 
216 582 295 30 103 106 83 1743 933 1379 376 33 65 1656 633 35 84 
217 583 296 30 101 895 423 32 65 122 82 1718 936 1379 377 39 65 1167 747 36 84 1659 635 38 83 
218 584 299 31 96 900 426 35 58 128 81 1713 932 1662 636 42 85 1171 743 37 94 
219 1390 386 40 57 583 298 34 99 1667 638 44 83 126 71 1718 941 1175 737 41 97 
220 579 303 48 114 1673 639 40 83 532 193 29 68 1392 384 43 62 906 427 42 64 120 76 1724 938 1174 730 58 115 
221 1394 384 44 66 531 193 30 68 1179 493 50 131 1378 375 64 97 911 426 44 66 1188 734 44 90 113 69 1730 948 
222 1688 637 32 78 1191 736 45 85 914 427 43 65 1399 383 39 64 114 80 1727 930 
223 410 375 30 56 1691 637 34 80 1203 738 39 80 108 96 1736 908 920 427 39 62 1403 382 36 60 
224 589 298 45 126 1364 432 48 121 1381 623 60 108 1206 731 37 96 1694 638 36 74 110 86 1733 934 1412 381 32 60 923 424 38 64 
225 592 296 42 130 1383 621 60 110 1419 378 31 64 925 423 39 65 107 93 1740 921 1699 638 34 71 
226 594 297 42 127 1421 374 31 66 933 419 36 66 1386 617 59 112 101 94 1751 918 1704 638 34 74 
227 424 359 26 78 595 297 42 126 104 87 1743 929 1710 635 36 82 1431 377 29 65 
228 424 364 30 69 597 298 42 125 115 100 1725 902 1712 636 36 79 1435 381 30 58 
229 601 301 42 122 1714 638 34 71 115 100 1724 907 1437 384 33 56 
230 1723 639 31 65 601 302 42 119 105 105 1733 900 1437 386 36 58 
231 398 700 36 77 603 302 41 119 1249 688 31 99 1724 639 34 68 103 104 1735 905 1438 385 41 60 
232 1251 680 33 101 432 373 33 64 400 699 39 74 1204 497 48 126 1724 638 36 75 1439 385 41 60 106 102 1734 910 
233 1250 672 39 128 435 371 29 66 1206 498 49 128 1725 637 39 77 115 101 1720 911 1442 386 42 56 
234 1252 670 42 124 439 367 27 71 1448 387 35 56 1726 640 41 74 126 101 1703 908 
235 1259 673 35 82 1454 385 31 60 443 361 27 82 125 106 1705 899 1726 640 41 74 
236 446 360 28 86 1265 669 34 82 1467 383 28 58 120 111 1720 892 1727 640 41 72 
237 1428 601 33 60 1222 519 30 72 1269 663 34 84 449 363 28 81 106 110 1744 894 1467 381 29 65 1730 640 39 73 
238 1429 598 32 57 612 302 42 117 426 662 53 109 1223 519 29 72 453 366 33 77 108 107 1743 900 1733 640 37 71 1468 383 32 64 
239 1431 595 30 56 613 300 42 120 1224 517 28 76 454 371 35 68 428 660 57 109 107 105 1746 902 1737 642 35 69 1473 384 31 60 
240 1431 593 30 55 438 672 41 75 431 657 57 109 612 304 46 113 455 373 37 67 1225 516 27 76 1744 641 33 68 112 115 1731 887 1475 386 32 59 
241 441 668 41 78 1225 516 27 77 1282 640 32 82 612 304 48 113 1747 641 33 69 110 111 1734 894 1474 388 37 60 
242 1225 517 27 76 1751 637 31 75 613 304 48 113 109 114 1734 882 1282 636 33 89 1476 388 38 60 
243 1225 515 27 78 1753 637 30 75 103 119 1748 874 614 303 48 116 1285 632 31 90 1478 388 38 61 
244 1754 636 29 75 100 118 1751 876 1481 388 39 62 615 303 50 117 1286 629 31 90 
245 1427 580 35 58 1224 515 27 78 1755 636 28 74 470 365 28 83 92 119 1765 874 1484 391 37 57 616 305 50 115 1287 627 31 80 
246 708 775 29 75 1224 516 28 76 1755 637 28 72 91 116 1773 877 617 305 51 115 1485 394 37 54 472 362 27 87 1290 616 30 93 
247 1414 577 42 63 1222 515 29 79 620 304 49 114 1754 636 28 73 87 121 1784 871 1489 394 34 55 474 360 28 92 1290 610 31 99 
248 724 778 37 77 1502 397 30 51 1222 516 29 78 43 0 1862 845 1413 574 41 67 622 304 49 116 1290 607 31 99 1753 635 30 74 478 365 31 80 
249 1214 497 43 129 1416 572 36 68 727 777 41 78 1290 605 32 99 1504 397 29 50 58 0 1842 849 480 371 32 74 1751 634 32 76 625 303 48 117 
250 472 632 54 124 474 353 50 120 482 375 34 67 1504 399 31 50 1411 571 37 67 52 0 1854 853 1291 605 33 78 1747 635 35 78 626 304 48 116 
251 1506 401 30 48 484 374 36 69 476 355 51 117 1410 570 36 64 56 0 1844 858 1745 635 37 78 628 303 47 119 1290 601 34 83 
252 485 375 37 68 1405 570 36 64 479 356 50 116 1744 635 36 77 62 0 1829 858 629 304 47 119 1292 597 33 83 
253 1212 497 44 132 482 355 47 118 1401 571 39 61 487 375 34 69 633 304 43 122 1512 407 29 57 66 0 1818 861 1745 636 34 73 1291 594 34 81 
254 1212 496 43 132 634 304 44 119 1397 572 40 61 492 375 30 66 58 0 1831 860 1514 408 29 58 1292 592 32 83 1744 637 33 72 
255 497 370 28 71 49 0 1844 859 1396 572 40 61 1295 591 31 78 1742 637 33 72 1516 415 30 54 
256 1395 572 39 59 44 0 1846 859 1297 590 29 76 1516 418 32 51 1739 635 33 74 498 363 31 86 
257 41 0 1848 860 498 362 32 88 1737 634 35 82 1515 421 34 50 
258 50 0 1836 857 1736 633 35 84 1518 424 33 48 
259 508 379 31 64 1393 571 37 59 50 0 1841 858 1735 633 35 83 1522 425 32 50 
260 1303 573 30 66 509 379 32 65 1728 633 39 85 1392 569 34 62 811 773 42 76 43 0 1856 859 1525 426 30 48 
261 42 0 1857 852 1725 636 41 83 1303 571 31 68 815 770 40 76 1526 426 33 48 
262 1444 424 25 59 1526 428 33 52 1724 636 41 82 31 0 1871 853 1306 569 30 71 
263 30 0 1865 851 1723 635 41 81 1307 566 31 72 
264 516 376 32 70 647 309 49 109 521 607 39 67 1307 560 31 74 1723 634 40 82 
265 523 605 42 71 1446 420 25 64 1310 556 28 76 519 370 30 78 1724 632 38 87 649 309 48 112 
266 10 0 1899 842 524 603 46 72 1446 419 26 64 1311 555 28 77 521 366 27 81 652 308 46 115 1724 631 37 86 
267 1540 445 30 56 1446 419 26 64 526 600 45 75 37 152 1847 822 658 319 37 96 524 361 27 89 1724 631 35 82 
268 37 165 1847 803 1447 420 26 65 533 599 52 73 1724 632 34 79 661 317 36 99 1541 447 29 60 526 361 30 90 
269 837 725 38 92 1723 630 33 82 1447 421 26 64 528 367 34 79 1542 449 30 64 657 308 50 120 537 598 45 66 
270 1318 553 29 70 1446 421 26 63 541 595 39 67 530 367 35 76 1542 451 30 68 659 308 53 119 
271 1391 558 32 70 1447 421 26 62 1319 552 30 72 532 367 35 74 1544 454 30 64 544 590 33 68 659 308 56 116 
272 45 189 1850 763 1216 495 40 136 534 369 32 73 1320 551 30 73 1545 459 32 64 659 307 54 117 547 587 34 71 
273 1390 556 34 76 1320 550 31 73 661 306 55 118 1546 458 31 66 550 586 35 77 
274 52 180 1840 776 1710 631 37 78 1321 546 33 78 666 305 51 118 1548 458 31 65 551 585 35 72 
275 1390 563 35 72 1208 495 46 134 672 307 45 119 1705 634 39 73 1323 546 32 77 1550 460 31 61 553 584 37 72 
276 1391 563 36 71 841 680 36 74 1702 633 38 77 1550 462 30 62 556 582 35 75 
277 68 181 1808 776 1392 559 36 77 1702 630 37 79 841 674 34 77 546 369 29 85 1551 462 30 67 557 580 35 78 
278 1448 441 27 78 71 180 1805 777 1327 539 31 61 843 666 31 70 1393 557 37 74 1702 630 36 79 1552 464 29 66 559 578 34 83 550 364 28 90 
279 545 351 41 127 1449 445 28 75 74 184 1796 767 1217 499 27 58 1552 470 28 56 1329 541 31 57 1702 630 34 76 1396 555 35 74 844 656 31 75 552 366 29 84 560 576 33 83 
280 1217 499 27 57 685 306 41 117 1450 447 27 73 67 184 1805 768 1330 541 31 57 1550 476 32 67 1700 629 34 78 1402 551 33 73 555 367 30 80 561 576 33 83 
281 1330 542 31 55 64 189 1811 763 549 350 45 123 1452 449 27 73 686 306 41 117 1698 628 36 86 556 373 32 72 1406 549 31 74 1551 475 33 70 848 641 32 77 562 577 33 83 
282 66 183 1808 772 1330 542 32 56 1453 450 27 69 556 373 35 73 550 352 48 121 688 306 41 117 1697 628 37 84 1552 480 33 67 1407 551 32 72 848 638 32 75 564 575 32 89 
283 1330 542 32 55 74 181 1801 774 1696 624 38 90 558 371 37 74 552 352 50 118 1411 556 33 68 688 309 44 115 1552 484 33 63 851 630 30 84 566 576 32 83 
284 67 180 1813 783 1694 624 38 85 560 367 36 80 1414 558 39 68 694 317 36 96 1551 487 35 62 854 619 28 89 567 573 33 91 
285 45 178 1848 786 1414 560 40 65 697 317 36 97 561 366 34 80 1692 623 38 88 1551 489 35 61 857 612 28 94 569 575 31 88 
286 46 177 1842 791 1332 552 30 68 1552 490 34 60 564 364 33 83 1691 623 37 88 699 313 33 101 570 576 30 84 
287 1521 791 42 71 43 160 1846 820 865 601 34 81 1420 559 47 66 1553 493 36 61 1329 550 32 74 568 362 29 81 700 313 33 100 1690 623 38 88 572 578 29 83 
288 43 147 1841 846 988 460 37 54 1421 560 47 68 1329 552 35 77 1554 493 38 63 1688 622 36 85 571 358 28 86 573 578 28 82 701 316 35 97 
289 1213 494 26 67 51 151 1822 841 1687 622 37 88 573 577 27 82 1426 561 41 66 1555 492 37 66 872 589 37 86 695 309 50 118 573 353 29 96 
290 1468 450 32 74 1686 623 38 87 1212 493 28 68 52 166 1825 820 1430 562 35 62 573 351 29 101 1555 493 36 64 874 581 40 93 695 310 50 119 
291 1211 491 29 73 1434 562 32 65 1555 493 34 63 696 310 51 118 
292 580 364 31 84 1435 561 32 67 1211 491 28 75 1555 492 33 62 697 308 51 117 
293 60 169 1818 813 1435 560 31 75 583 584 30 82 579 362 31 87 1210 488 29 78 1553 489 33 63 699 307 50 116 
294 1472 460 35 59 58 163 1821 824 582 581 35 88 1435 562 33 72 581 362 30 88 1210 487 28 80 1551 487 34 65 699 307 49 117 
295 1473 460 33 60 67 179 1806 797 584 581 33 88 1435 564 32 74 1210 485 28 83 582 359 31 92 1550 476 33 75 701 307 48 118 
296 75 177 1791 800 1476 461 32 57 589 580 30 87 1210 486 28 80 1550 470 32 81 1435 566 33 75 584 354 31 97 701 306 47 119 
297 1551 473 29 70 591 582 30 82 72 198 1807 759 1434 566 33 77 1210 485 28 82 584 352 32 98 700 307 48 118 
298 68 194 1820 768 1433 567 34 76 592 577 30 95 586 355 31 94 1546 462 31 68 1209 483 28 84 700 308 48 118 
299 1514 794 38 66 1433 568 32 71 1483 457 28 62 1210 484 28 81 588 358 30 87 700 309 49 117 593 577 33 102 1545 460 29 68 
300 1514 794 37 68 1484 458 28 59 583 340 40 126 1309 587 31 87 1432 570 34 73 590 358 29 84 1210 484 28 79 699 309 49 116 595 579 34 99 1542 457 30 69 
301 582 339 41 125 1515 793 36 70 1433 572 33 70 1485 456 30 67 590 360 28 79 1210 484 28 76 1308 592 29 79 698 310 49 116 1539 457 32 68 599 584 35 94 
302 90 179 1786 786 1514 793 37 71 1431 574 36 65 1486 458 30 63 591 360 27 81 1306 597 32 80 1538 457 32 61 1210 485 27 75 698 311 49 117 600 589 35 86 
303 1531 453 31 57 75 184 1812 775 1432 577 34 63 1513 793 38 71 1306 602 32 75 1488 459 29 64 592 358 26 84 1209 485 28 74 602 592 35 86 698 310 49 117 
304 79 170 1799 797 1513 793 38 71 1489 460 29 61 604 594 37 84 592 357 27 85 1529 446 32 62 1210 487 28 72 698 310 49 117 
305 1514 792 37 72 76 162 1805 813 606 593 36 90 591 353 28 92 1209 487 28 72 1528 444 30 63 698 310 49 117 
306 608 596 33 81 1683 621 38 87 1514 792 36 74 584 339 40 123 590 360 29 84 1300 611 35 97 72 173 1813 793 1209 488 28 71 1528 441 28 67 698 310 48 118 
307 1682 620 39 90 81 164 1806 809 587 347 32 74 1525 441 28 65 1209 487 29 74 1295 612 38 101 700 309 47 119 
308 585 346 33 72 1524 431 26 54 1209 487 30 75 701 308 46 120 1295 616 35 95 
309 1520 429 28 54 1210 488 29 75 1294 628 32 79 701 309 46 119 
310 1518 428 29 57 1411 613 35 55 1294 632 28 73 700 309 47 119 1210 488 29 74 
311 1293 634 28 70 1211 492 29 68 586 367 30 75 1516 425 30 59 700 311 47 118 
312 1513 425 31 58 1213 494 29 67 1686 616 38 94 1290 636 30 74 585 362 30 81 699 312 48 116 
313 576 343 44 117 1687 619 37 91 583 363 32 81 704 328 38 85 1286 639 33 78 
314 583 365 32 78 1688 620 36 88 573 344 46 115 1284 643 35 72 703 329 37 87 
315 624 629 38 84 1687 620 37 88 571 344 47 113 702 331 36 82 
316 627 634 36 74 702 330 36 84 570 344 46 114 1687 620 37 88 
317 1687 619 38 88 631 635 36 71 
318 1688 621 38 84 634 635 38 75 
319 1689 622 37 82 
320 1101 484 39 71 1265 660 29 90 1689 623 38 81 
321 1261 665 28 84 1110 487 37 70 1688 622 39 85 
322 570 348 31 109 1688 622 41 86 
323 1689 622 41 86 570 351 31 104 
324 1140 490 37 67 1690 623 41 86 569 351 32 104 
325 1244 692 33 88 1135 478 62 103 1690 624 42 86 685 323 46 118 568 353 33 100 
326 1691 624 43 85 687 324 45 119 568 352 33 103 
327 1174 490 36 69 1692 624 43 84 662 657 42 84 686 325 45 118 567 353 33 103 
328 686 326 43 117 669 655 39 85 565 355 32 101 
329 1194 493 31 61 1248 517 27 68 1693 624 42 83 687 326 42 117 677 653 32 86 563 358 31 99 
330 1248 517 28 69 1693 624 42 84 686 326 41 119 563 359 31 99 
331 686 325 41 120 561 361 30 95 
332 1411 184 30 64 1693 624 42 85 685 326 40 120 560 361 29 93 
333 1694 625 42 83 692 665 36 81 685 328 40 118 559 364 31 93 
334 1208 737 35 73 1693 624 43 84 695 664 41 80 684 330 42 115 557 368 32 91 
335 1693 625 42 82 683 331 43 114 1207 739 36 75 696 660 45 82 556 369 32 90 
336 703 660 41 79 1204 739 38 79 682 332 46 112 1693 624 42 84 555 370 33 91 
337 682 334 46 110 1202 740 40 84 709 658 37 79 1693 625 42 83 555 371 34 93 
338 1285 495 35 65 715 657 34 77 680 343 47 106 1202 744 38 79 554 373 33 92 1693 625 42 83 
339 728 657 31 75 1505 791 38 71 679 343 48 106 1693 626 42 82 1194 749 38 78 553 371 32 95 
340 1505 790 37 70 679 343 49 106 1693 625 42 82 1192 750 38 78 552 372 33 94 
341 53 163 1802 806 1505 790 37 71 728 643 34 79 1693 624 43 83 679 342 49 108 1188 749 38 81 550 373 33 92 
342 1451 388 34 53 1505 789 38 71 59 149 1796 826 1692 625 43 83 730 638 34 89 1185 752 35 75 679 342 49 109 548 374 34 90 
343 1331 500 35 63 1255 522 30 68 1506 789 38 71 66 152 1794 819 1691 626 43 79 1183 753 33 74 730 638 37 87 680 341 48 109 1444 386 31 57 548 374 33 92 
344 1254 525 33 62 1506 789 39 70 68 152 1789 823 1439 385 33 59 1689 627 44 78 734 642 37 76 1180 753 33 76 680 340 49 111 548 376 31 89 
345 1175 762 33 82 1432 379 33 63 549 381 29 80 1689 626 43 79 681 340 48 113 737 636 37 76 
346 1358 498 41 65 1429 377 34 61 681 340 47 113 549 382 30 79 1688 626 42 81 1171 763 35 84 740 636 40 68 
347 1470 448 31 66 1427 371 32 62 1369 501 37 59 549 383 30 78 1168 766 37 81 744 632 40 69 682 340 47 113 1688 627 40 81 
348 747 630 40 70 1167 772 37 74 685 339 45 115 548 383 30 79 1687 627 39 82 
349 39 158 1824 814 1418 369 32 63 684 335 48 105 1158 769 38 80 548 381 31 83 1686 624 38 86 
350 40 150 1813 825 686 334 47 107 1157 769 40 81 1413 357 30 56 1393 502 34 92 1685 623 37 90 547 379 30 86 
351 987 458 34 59 1424 614 52 116 28 153 1831 819 1508 790 38 68 693 338 35 90 1154 772 39 76 1406 357 32 53 1685 624 36 89 546 379 30 85 1403 505 34 82 
352 1428 612 54 115 1508 790 38 68 986 457 34 59 1684 624 36 87 544 381 31 81 694 340 34 88 1155 774 36 75 1402 355 33 55 1415 508 32 80 
353 54 153 1809 821 769 615 35 57 987 455 32 60 544 383 31 75 1457 422 29 70 693 340 36 88 1401 353 30 59 1153 773 35 75 
354 47 147 1817 836 544 384 31 74 772 613 35 60 1434 515 31 66 693 340 37 89 1452 421 31 64 1394 350 29 59 1149 771 36 78 
355 1270 493 33 65 45 148 1820 837 988 446 28 66 1509 791 37 66 544 384 31 73 775 612 34 59 693 341 37 88 1391 349 31 59 1446 418 32 57 1439 515 39 67 1144 773 37 77 
356 693 341 38 88 1442 417 34 59 1381 345 34 61 1441 517 47 68 1141 773 40 78 
357 693 342 37 87 1437 414 36 64 1442 521 55 65 1137 777 41 76 1375 343 36 62 
358 1269 491 34 64 543 382 33 76 1673 634 39 82 1445 523 54 69 693 343 38 86 1133 781 42 72 1430 411 36 73 1373 337 34 65 
359 1510 792 36 63 543 378 31 82 989 417 30 72 1266 491 35 63 1461 523 42 72 1429 413 32 61 693 343 39 86 1670 632 41 84 1130 784 43 67 1369 336 33 59 
360 544 377 30 83 988 411 32 82 1264 491 37 63 1670 630 40 89 693 342 39 87 1470 517 35 71 1130 785 42 67 1367 333 31 62 
361 1668 630 42 90 544 375 30 86 1262 490 37 66 694 342 39 85 1477 513 32 71 1359 333 33 65 1129 785 43 68 
362 1415 398 30 82 793 604 50 115 1666 630 44 89 695 344 38 80 1260 491 37 67 1353 320 34 61 543 374 31 89 1128 785 43 67 
363 1348 319 40 62 1259 489 38 67 693 342 40 84 1664 633 45 86 1407 386 32 67 543 375 32 88 1128 784 43 69 
364 1258 489 35 64 801 604 50 117 1344 317 37 61 693 340 39 86 1405 386 32 65 1663 634 44 85 543 374 33 87 1127 783 43 70 
365 803 603 49 117 1663 635 43 84 694 339 41 88 1399 385 32 66 543 371 34 90 1342 316 34 61 1127 783 43 71 
366 1663 635 41 83 694 341 41 82 544 372 33 89 1337 316 32 60 1396 384 30 71 1127 782 43 71 
367 697 341 40 77 546 372 32 88 1393 381 30 70 1127 783 44 70 1329 312 34 69 
368 1661 634 42 85 549 370 31 93 1384 379 32 77 1128 784 44 68 1321 310 38 74 
369 699 344 39 75 1661 634 42 87 553 371 28 88 1313 313 44 67 1128 785 45 66 1383 374 33 85 
370 699 345 37 79 1661 634 42 87 1304 309 42 72 555 369 29 91 1129 788 44 65 1379 372 35 87 
371 1661 635 42 86 1303 310 42 69 1130 788 46 65 1372 373 36 79 
372 1504 567 35 70 560 371 34 82 1662 636 42 85 699 350 35 96 1134 787 44 69 1368 375 37 74 1300 309 37 71 
373 1662 637 43 84 1505 566 35 71 561 369 35 83 697 348 36 101 1136 785 47 71 1364 374 41 71 1294 308 35 73 
374 1506 567 35 69 560 356 46 115 696 354 35 92 1141 786 47 69 1284 309 39 73 1361 372 42 69 
375 1149 786 45 66 690 342 48 115 1360 369 39 72 1278 307 41 70 
376 1358 369 36 70 1156 783 40 69 687 346 48 112 1266 304 45 77 
377 1158 782 39 70 684 349 52 108 1264 305 45 74 1358 359 31 84 
378 683 353 52 107 1167 777 37 73 1261 305 42 72 1356 356 32 87 
379 678 360 58 107 1355 358 32 83 1172 780 34 73 1253 304 38 73 
380 828 651 32 78 581 354 30 106 1354 360 32 77 680 366 53 106 1176 783 36 69 1243 300 37 76 
381 245 130 1654 837 1344 368 34 70 1240 306 38 62 583 357 29 98 826 653 36 80 1176 785 43 69 682 371 49 107 
382 249 127 1646 841 1179 786 53 68 686 370 43 111 826 660 35 73 589 367 29 78 1345 364 33 76 1229 299 41 74 
383 1183 788 55 67 1215 290 60 103 687 378 41 114 591 367 31 80 1346 359 32 83 
384 1185 786 55 69 1207 286 59 106 1217 306 42 66 590 366 34 82 687 382 46 110 1345 358 33 86 
385 1200 781 45 70 585 344 48 118 592 367 34 79 1345 364 32 82 1210 300 36 70 687 387 50 112 
386 1520 529 37 69 1688 637 35 81 1345 369 32 75 594 366 34 81 1206 780 40 69 1205 303 33 65 686 392 53 111 
387 591 341 44 122 594 364 33 82 1543 448 30 63 1688 637 36 83 686 396 56 111 1194 292 40 78 1216 778 34 70 
388 688 399 58 116 598 355 32 94 1178 278 55 113 1689 639 35 79 1221 775 34 67 1190 301 38 63 1544 450 29 60 
389 1247 487 27 66 1182 306 41 58 690 401 61 117 1226 775 35 68 1545 448 28 61 
390 1165 282 59 111 1247 488 28 65 696 403 57 117 1232 773 35 70 609 348 29 104 1356 375 32 65 1546 449 28 58 
391 1546 451 27 55 1248 489 27 70 1357 376 31 69 
392 1548 453 27 52 1158 286 38 78 609 340 43 117 1249 490 28 69 1358 375 32 76 
393 1249 780 40 66 618 363 34 78 1548 453 27 52 1250 491 28 67 609 340 47 116 1359 377 32 75 
394 1252 493 28 59 619 363 34 77 0 129 1766 856 1693 651 37 92 1147 293 37 64 1548 450 30 57 610 340 48 117 722 421 48 122 1361 377 34 81 
395 611 340 48 118 1548 444 30 64 1365 381 34 74 
396 614 341 48 114 1697 658 36 78 1550 442 29 68 1364 382 38 74 
397 1553 441 27 70 1699 658 36 80 1369 382 35 73 
398 1246 489 49 128 1701 662 38 75 1513 790 35 65 1369 394 34 84 1375 384 33 70 1555 441 28 70 
399 1382 382 30 67 1514 790 34 65 1258 499 31 59 1375 374 39 121 1558 441 26 72 
